#N MergeSort ModifiedMergeSort
1000 9965.78 6287.71
6000 75304.48 47511.84
11000 147677.37 93174.05
16000 223452.55 140982.86
21000 301520.14 190238.03
26000 381321.82 240587.28
31000 462519.40 291817.25
36000 544885.53 343784.50
41000 628256.79 396385.90
46000 712509.93 449543.71
51000 797548.69 503197.20
56000 883295.80 557297.60
61000 969687.82 611804.90
66000 1056671.77 666685.66
71000 1144202.73 721911.55
76000 1232242.10 777458.20
81000 1320756.38 833304.50
86000 1409716.22 889431.91
91000 1499095.68 945824.07
96000 1588871.69 1002466.42
